12752010
4023906
8028148
5084215
5879705
12990663
8744642
620333
8657803
15461216
6873338
2847587
9778945
13463409
9363106
11628490
1393209
8216774
3218500
7026440
11076080
6882372
1044763
14045157
15207469
13024472
13447746
15386170
11613668
5547798
4634037
6119720
9177620
12253292
15049006
3268727
6874935
6186232
9333442
923195
14867151
10007913
3077177
370332
10360645
1334843
1788134
140681
9001918
4877564
6391770
5308052
6597721
10742014
13061043
14062928
16622725
2414739
3954058
3617078
6823535
5277887
7496218
13698564
14266278
7070006
6645699
10548988
2463663
14616061
11163524
12047353
12693000
11869677
6256146
16207948
16226255
16504272
5734088
13053405
5672672
4446511
7132338
9994868
10472589
1945611
1439396
11244527
6303565
10007236
2664584
13547399
7753850
8727232
8196409
12545158
3672951
5883172
8364949
12040498
5253827
4376518
4161501
10667970
14122553
306772
14805224
15482017
7156826
1720141
5331397
1043440
3610798
13349539
16718331
5172078
15146574
4759516
13643819
13331954
1026207
16685818
10263385
14268582
6368526
7825973
5001054
8032417
13171889
499899
12263568
9695939
14662978
5448084
802971
10686856
16324386
11933945
5109038
9729379
12249070
10574149
9667341
4193991
13797518
5145143
11130355
11800807
16180379
14048441
13526697
14456535
7271325
13116160
12321519
8444801
7589434
6889538
8279460
11752714
8103306
5680189
12230006
9654254
13684363
6664517
7113470
10536476
1012093
2879734
4478815
16322275
9691733
9986676
9284585
4417106
4865866
16271107
2446201
6248786
875638
2808602
7639231
6718761
4185342
4012205
7595192
6471265
2527637
16527128
12184970
13202405
1246867
12463335
9394378
9396292
12399520
12221866
4273641
11432853
8474760
10073858
888586
12454691
1551727
4160955
9443934
2847425
10083502
13304463
611406
9601850
4995897
3401709
13902899
6377707
1227719
1162211
14895038
2103398
8188256
3377080
6196311
3571299
2886208
2965925
10832328
11945997
7189664
16630111
10905717
3310292
5064180
2115618
12183542
16313365
16653486
7977259
15876475
1876613
11089136
11973173
11037332
9338278
12111828
9285327
10565918
14928493
9771325
16722756
748057
1747016
5465718
9869640
12485427
464299
3169963
2608202
6036799
10592056
1897982
1586155
9481379
10718814
852375
1250025
5685970
2487386
3180975
10514517
1510627
6841192
16712818
14579873
10812908
14864874
12610499
8649655
7280458
13253930
12200538
4687934
14934770
2868030
5945301
14618512
1086570
6854565
797302
10075700
10817644
4663613
2848210
7135665
7419462
6864090
4861575
4811498
9659470
1443660
13618558
10757035
1933078
6306441
6933371
6296782
4649374
10291254
61979
16017027
7494190
1758864
284577
1216286
6139136
14464566
7612385
492831
9388979
12122180
8756877
12924333
38055
8702487
12714022
3389511
10873559
6673605
8007976
13138866
15672736
4691243
4069646
12556961
10576882
3602001
10488110
8206412
16705257
5487780
6877657
165253
4095154
291964
6844067
1256527
15462544
8936500
10852967
14166999
14408307
12650608
6024559
10784097
3293561
2197095
9407444
10965379
4822468
6223547
11341097
12930110
1393775
1473276
3248839
9687691
14237310
16566123
892358
7177153
3090730
9783353
15795064
7661242
14655124
1893138
6844411
11593498
2948112
7547499
10369569
16171565
11102553
10622316
9281623
2314442
10746123
11952293
16738741
5075359
11876269
13088305
12143493
508398
9545902
1211381
693283
7974946
3689822
3087477
8229192
8441975
5394231
5321707
13265690
14870757
11353296
7350518
4462519
7832457
5326189
16379941
14526264
5667485
10800593
14864532
12934810
2314134
16121738
11182275
13768225
3398685
1744319
6769702
4099721
6888422
11888810
4246644
11360737
6385562
11737963
7742550
15508991
10628881
12758805
7952365
16513241
7101294
13990102
3038352
11004029
2760986
6136219
11186073
9631472
9636150
15032376
4028437
735101
4859862
12652493
182186
9737953
3228941
8556340
14451338
15508010
1157703
4243961
9077390
14191262
12686432
5434670
16632544
13613929
14183538
11319855
5467921
404001
7188646
13194612
4671922
15395352
5925812
11635200
4423467
10876327
4267955
6676614
14661523
5349830
3802101
11959874
31625
15418270
11749239
5015550
7991710
13250651
8765926
2730216
1490993
10230161
7534681
4204287
344833
16424566
4712978
10256703
4435043
7789337
10114571
8288477
3397461
388019
10927497
16513306
10130331
5974560
11062523
6882645
9412395
10109897
9149153
14406593
10906894
5475985
1957992
5324365
5959979
9981087
15770719
2926627
10402120
16306007
8372823
15558378
9337524
465166
4869634
2404084
8049121
8029944
10007797
8720159
15328191
4343126
2864045
7442227
7409455
2175613
12884552
10791594
3561167
8111278
11159385
10875761
13322556
8517632
13077009
6712299
1592544
14479543
4579145
13936570
9500299
12528646
1873577
7395645
1070826
13957957
5467197
8525773
10998602
12354281
14634231
3394132
14174526
8618631
5089449
7413275
16677049
9887865
13963835
16489494
1542797
8671821
4394554
1412568
7034602
14296391
9680735
4537360
6666537
8475379
15193959
205991
625430
13294481
4070957
12637665
136229
15337427
9374246
8444286
8335526
10890908
3653540
1029285
3975825
4487097
1239866
9629152
15224174
8862685
1571539
14129564
4468408
4756004
2853908
2877137
10167171
4501353
3268778
1825140
8065404
15122319
7875787
2713088
10900786
10702209
2298100
9178527
6522845
9438581
8991426
15477277
2200023
13752828
13368034
11624143
12839616
7293562
10809787
13307849
4754743
15259646
1838901
12447268
8891375
3567877
10857411
16306141
6172498
6634715
15403831
11482886
10064455
9375037
15237838
11717328
5135527
12762615
11924031
1275240
315449
4831997
4560958
300462
6307969
1998258
14085956
6776249
9499199
6889582
9870271
12822824
889116
11634528
3519478
5785568
11265335
59136
8002999
11846349
162621
1281290
9716552
15692331
7008964
9058633
666948
13755649
16158462
6310203
4391720
7949103
16666712
15175708
15597486
7832105
16553953
13831940
4410787
2555697
13038046
7364385
6946953
3789350
14740450
14383498
10694283
3804257
11374290
8976061
11413648
3506577
13758756
4713726
13080697
14525798
13236927
7270516
12420281
14885801
13137205
13347028
13093545
8046204
12304522
15449998
16664087
2812965
168195
8850450
11529136
10346988
12389803
6723664
4917319
4091820
9299816
1002812
13748358
7709270
15948108
16255988
14767278
4941420
16627166
5947075
12353354
7858617
6932087
16376339
10190453
10055544
11508245
9049758
5180263
7966500
4804037
16563727
11846328
5431578
2710605
6992717
2411356
750221
12692179
7058605
709006
2482935
2860949
15904952
227486
5301781
5645533
2292279
6072148
4323151
4462797
7943456
4405287
15258956
6985814
4113304
9770026
11494378
11202061
15138541
5300096
8920744
3451438
11187503
14347377
12665448
11601151
5437819
6699208
10430486
9757457
5540455
9274616
4931608
13860750
2271910
15754999
10120091
13325454
14290984
8907454
13523434
1858976
9487541
12712147
5017768
8146955
9862601
13934761
15612951
12159405
16537602
13855708
15358444
9164287
7030055
3471488
15599235
9894693
4420142
15048305
14633159
6943043
9083056
8733377
674605
3675212
12598958
10767257
14879149
117311
11622520
11857674
14741047
7524238
7406528
15146002
10692835
156959
1177303
16169541
10605963
4176677
9663298
10797818
8451649
15845277
1339030
7820204
4072117
12373691
715435
14687822
12830222
329274
241395
6395146
5757283
16449916
3497944
4738354
16098792
320630
6240075
5820229
8562025
15909785
11594835
16598652
3478490
1270280
14647365
16602798
2546588
11239200
7239236
14541641
16248298
6940329
14230121
11463397
15803110
257788
8138274
7801379
12250615
12121179
4415090
6922681
8850266
13203848
5170198
13018231
3715463
4779830
10988437
14074892
3695914
10134061
7147869
6279339
6683115
1885317
5679746
10087648
14405914
4725067
12832858
13287270
12518280
11003588
7344780
3401577
4157638
16776914
4869390
8283178
6138847
8714599
10172312
13300281
12373168
11609917
15513728
8203878
9552726
14910990
16701481
7543815
8159442
6845596
8914200
12996787
10239469
16495365
5695810
16046395
10570555
12978215
12088038
9998829
8257428
2793073
14293838
7276306
2526823
4448865
1452032
16642797
1991726
6005372
12502970
8096819
12354210
6551518
764403
1790437
358050
1931621
16175483
6493794
9370700
5478159
15956983
16138619
8649676
3784486
70432
3908461
2273307
3371318
5738276
11795280
14045188
15604144
1044182
1859780
5132057
12156060
15966477
738706
1533577
2207486
6436650
6587741
15402078
255548
10621758
5201262
2451393
12305048
1895950
5373610
9036036
15461972
10474212
4708976
3598898
6410061
6410061
6410061
6410061
6410061
6410061
6410061
6410061
6410061
6410061
6410061
6410061
6410061
6410061
6410061
6410061
6410061
6410061
6410061
6410061
6410061
6410061
6410061
6410061
6410061
6410061
6410061
6410061
6410061
6410061
6410061
6410061
6410061
6410061
6410061
6410061
6410061
6410061
6410061
6410061
6410061
6410061
6410061
6410061
6410061
6410061
6410061
6410061
6410061
6410061
6410061
6410061
6410061
6410061
6410061
6410061
6410061
6410061
6410061
6410061
6410061
6410061
6410061
6410061
6410061
6410061
6410061
6410061
6410061
6410061
6410061
6410061
6410061
6410061
6410061
6410061
6410061
6410061
6410061
6410061
6410061
6410061
6410061
6410061
6410061
6410061
6410061
6410061
6410061
6410061
6410061
6410061
6410061
6410061
6410061
6410061
6410061
6410061
6410061
6410061
6410061
6410061
6410061
6410061
6410061
6410061
6410061
6410061
6410061
6410061
6410061
6410061
6410061
6410061
6410061
6410061
6410061
6410061
6410061
6410061
6410061
6410061
6410061
6410061
6410061
6410061
6410061
6410061
6410061
6410061
6410061
6410061
6410061
6410061
6410061
6410061
6410061
6410061
6410061
6410061
6410061
6410061
6410061
6410061
6410061
6410061
6410061
6410061
6410061
6410061
6410061
6410061
6410061
6410061
6410061
6410061
6410061
6410061
6410061
6410061
6410061
6410061
6410061
6410061
6410061
6410061
6410061
6410061
6410061
6410061
6410061
6410061
6410061
6410061
6410061
6410061
6410061
6410061
6410061
6410061
6410061
6410061
6410061
6410061
6410061
6410061
6410061
6410061
6410061
6410061
6410061
6410061
6410061
6410061
6410061
6410061
6410061
6410061
6410061
6410061
6410061
6410061
6410061
6410061
6410061
6410061
6410061
6410061
6410061
6410061
6410061
6410061
6410061
6410061
6410061
6410061
6410061
6410061
6410061
6410061
6410061
6410061
6410061
6410061
6410061
6410061
6410061
6410061
6410061
6410061
6410061
6410061
6410061
6410061
6410061
6410061
6410061
6410061
6410061
6410061
6410061
6410061
6410061
6410061
6410061
6410061
6410061
6410061
6410061
6410061
6410061
6410061
6410061
6410061
6410061
6410061
6410061
6410061
6410061
6410061
6410061
6410061
6410061
6410061
6410061
6410061
6410061
6410061
6410061
6410061
6410061
6410061
6410061
6410061
6410061
6410061
6410061
6410061
6410061
6410061
6410061
6410061
6410061
6410061
6410061
6410061
6410061
6410061
6410061
6410061
6410061
6410061
6410061
6410061
6410061
6410061
6410061
6410061
6410061
6410061
6410061
6410061
6410061
6410061
6410061
6410061
6410061
6410061
6410061
6410061
6410061
6410061
6410061
6410061
6410061
6410061
6410061
6410061
6410061
6410061
6410061
6410061
6410061
6410061
6410061
6410061
6410061
6410061
6410061
6410061
6410061
6410061
6410061
6410061
6410061
6410061
6410061
6410061
6410061
6410061
6410061
6410061
6410061
6410061
6410061
6410061
6410061
6410061
6410061
6410061
6410061
6410061
6410061
6410061
6410061
6410061
6410061
6410061
6410061
6410061
6410061
6410061
6410061
6410061
6410061
6410061
6410061
6410061
6410061
6410061
6410061
6410061
6410061
6410061
6410061
6410061
6410061
6410061
6410061
6410061
6410061
6410061
6410061
6410061
6410061
6410061
6410061
6410061
6410061
6410061
6410061
6410061
6410061
6410061
6410061
6410061
6410061
6410061
6410061
6410061
6410061
6410061
6410061
6410061
6410061
6410061
6410061
6410061
6410061
6410061
6410061
6410061
6410061
6410061
6410061
6410061
6410061
6410061
6410061
6410061
6410061
6410061
6410061
6410061
6410061
6410061
6410061
6410061
6410061
6410061
6410061
6410061
6410061
6410061
6410061
6410061
6410061
6410061
6410061
6410061
6410061
6410061
6410061
6410061
6410061
6410061
6410061
6410061
6410061
6410061
6410061
6410061
6410061
6410061
6410061
6410061
6410061
6410061
6410061
6410061
6410061
6410061
6410061
6410061
6410061
6410061
6410061
6410061
6410061
6410061
6410061
6410061
6410061
6410061
6410061
6410061
6410061
6410061
6410061
6410061
6410061
6410061
6410061
6410061
6410061
6410061
6410061
6410061
6410061
6410061
6410061
6410061
6410061
6410061
6410061
6410061
6410061
6410061
6410061
6410061
6410061
6410061
6410061
6410061
6410061
6410061
6410061
6410061
6410061
6410061
6410061
6410061
6410061
6410061
6410061
6410061
6410061
6410061
6410061
6410061
6410061
6410061
6410061
6410061
6410061
6410061
6410061
6410061
6410061
6410061
6410061
6410061
6410061
6410061
6410061
6410061
6410061
6410061
6410061
6410061
6410061
6410061
6410061
6410061
6410061
6410061
6410061
6410061
6410061
6410061
6410061
6410061
6410061
6410061
6410061
6410061
6410061
6410061
6410061
6410061
6410061
6410061
6410061
6410061
6410061
6410061
6410061
6410061
6410061
6410061
6410061
6410061
6410061
6410061
6410061
6410061
6410061
6410061
6410061
6410061
6410061
6410061
6410061
6410061
6410061
6410061
6410061
6410061
6410061
6410061
6410061
6410061
6410061
6410061
6410061
6410061
6410061
6410061
6410061
6410061
6410061
6410061
6410061
6410061
6410061
6410061
6410061
6410061
6410061
6410061
6410061
6410061
6410061
6410061
6410061
6410061
6410061
6410061
6410061
6410061
6410061
6410061
6410061
6410061
6410061
6410061
6410061
6410061
6410061
6410061
6410061
6410061
6410061
6410061
6410061
6410061
6410061
6410061
6410061
6410061
6410061
6410061
6410061
6410061
6410061
6410061
6410061
6410061
6410061
6410061
6410061
6410061
6410061
6410061
6410061
6410061
6410061
6410061
6410061
6410061
6410061
6410061
6410061
6410061
6410061
6410061
6410061
6410061
6410061
6410061
6410061
6410061
6410061
6410061
6410061
6410061
6410061
6410061
6410061
6410061
6410061
6410061
6410061
6410061
6410061
6410061
6410061
6410061
6410061
6410061
6410061
6410061
6410061
6410061
6410061
6410061
6410061
6410061
6410061
6410061
6410061
6410061
6410061
6410061
6410061
6410061
6410061
6410061
6410061
6410061
6410061
6410061
6410061
6410061
6410061
6410061
6410061
6410061
6410061
6410061
6410061
6410061
6410061
6410061
6410061
6410061
6410061
6410061
6410061
6410061
6410061
6410061
6410061
6410061
6410061
6410061
6410061
6410061
6410061
6410061
6410061
6410061
6410061
6410061
6410061
6410061
6410061
6410061
6410061
6410061
6410061
6410061
6410061
6410061
6410061
6410061
6410061
6410061
6410061
6410061
6410061
6410061
6410061
6410061
6410061
6410061
6410061
6410061
6410061
6410061
6410061
6410061
6410061
6410061
6410061
6410061
6410061
6410061
6410061
6410061
6410061
6410061
6410061
6410061
6410061
6410061
6410061
6410061
6410061
6410061
6410061
6410061
6410061
6410061
6410061
6410061
6410061
6410061
6410061
6410061
6410061
6410061
6410061
6410061
6410061
6410061
6410061
6410061
6410061
6410061
6410061
6410061
6410061
6410061
6410061
6410061
6410061
6410061
6410061
6410061
6410061
6410061
6410061
6410061
6410061
6410061
6410061
6410061
6410061
6410061
6410061
6410061
6410061
6410061
6410061
6410061
6410061
6410061
6410061
6410061
6410061
6410061
6410061
6410061
6410061
6410061
6410061
6410061
6410061
6410061
6410061
6410061
6410061
6410061
6410061
6410061
6410061
6410061
6410061
6410061
6410061
6410061
6410061
6410061
6410061
6410061
6410061
6410061
6410061
6410061
6410061
6410061
6410061
6410061
6410061
6410061
6410061
6410061
6410061
6410061
6410061
6410061
6410061
6410061
6410061
6410061
6410061
6410061
6410061
6410061
6410061
6410061
6410061
6410061
6410061
6410061
6410061
6410061
6410061
6410061
6410061
6410061
6410061
6410061
6410061
6410061
6410061
6410061
6410061
6410061
6410061
6410061
6410061
6410061
6410061
6410061
6410061
6410061
6410061
6410061
6410061
6410061
6410061
6410061
6410061
6410061
6410061
6410061
6410061
6410061
6410061
6410061
6410061
6410061
6410061
6410061
6410061
6410061
6410061
6410061
6410061
6410061
6410061
6410061
6410061
6410061
6410061
6410061
6410061
6410061
6410061
6410061
6410061
6410061
6410061
6410061
6410061
6410061
6410061
6410061
6410061
6410061
6410061
6410061
6410061
6410061
6410061
6410061
6410061
6410061
6410061
6410061
6410061
6410061
6410061
6410061
6410061
6410061
6410061
6410061
6410061
6410061
6410061
6410061
6410061
6410061
6410061
6410061
6410061
6410061
6410061
6410061
6410061
6410061
6410061
6410061
6410061
6410061
6410061
6410061
6410061
6410061
6410061
6410061
6410061
6410061
6410061
6410061
6410061
6410061
6410061
6410061
6410061
6410061
6410061
6410061
6410061
6410061
6410061
6410061
6410061
6410061
6410061
6410061
6410061
6410061
6410061
6410061
6410061
6410061
6410061
6410061
6410061
6410061
6410061
6410061
6410061
6410061
6410061
6410061
