  251	   79	  547	   76	  480	 9126	  791	   63	
 9122	 8200	 1174	  459	  258	  731	 9085	 8435	
    9	 8426	 8476	  113	 9404	 8906	 1267	  323	
 8926	 8670	 1619	  272	   35	  683	  228	 8293	
  484	 8225	 8437	 8270	  839	    0	 9278	 8509	
  233	 8797	   29	  324	 9061	 8915	 2406	  440	
  203	  231	 8737	 8406	    5	  183	 1069	  240	
  388	   66	  122	 8344	 8365	 8867	 9124	  201	
  412	 8692	 8583	 8663	  216	 8226	  184	  221	
 8551	  133	 8833	 8300	  457	 8824	 8479	  434	
 8526	  520	  975	  103	  859	  529	 9565	 8427	
   37	  606	   72	 8201	  777	 8787	 9721	   43	
 1066	  441	 9812	 8928	  524	 8535	 8822	 8648	
  298	   58	 9090	 8439	  414	 8811	 8662	  325	
 9323	  835	   61	    0	 8352	   79	  792	  405	
  627	 8401	 9738	 8526	 8693	  217	  381	 8347	
 8697	  293	  226	  639	  729	 1120	 9468	 8625	
  563	  400	 8239	  121	  363	  454	 8575	 8724	
  363	 9532	  502	  395	 9329	  669	  942	 8651	
 1276	  220	 9181	 8476	  943	 9325	 9288	 8351	
 8206	  729	  438	 8588	 1561	 8498	 9714	 8712	
  312	 9056	 1124	  197	 8728	  169	  879	 8399	
 1232	  814	 8993	 8284	  914	 9481	 9438	 8282	
 8767	  231	 8667	 8207	 9298	 8231	  935	  257	
 9477	 8913	 2067	  135	 8555	 1231	  170	 8303	
 8212	  147	  127	  265	  757	 8726	  459	   27	
  237	  302	  587	   25	  670	  277	   41	 8521	
 9207	 1130	  476	  386	  275	  757	  557	 8231	
 8954	 8287	  632	 8581	 8932	  542	 8202	 8478	
  791	 8384	 8948	 8677	 8231	 8289	 9347	 8422	
 8280	  133	  933	   24	 8475	 9055	  775	  167	
  232	  855	 8686	 8602	 1193	 8507	10406	 8570	
 9047	 9049	 1398	 8238	 9075	 1106	 1245	  108	
 9509	 8491	  529	  279	 9642	  581	 2098	  329	
 8196	 1044	  433	 8874	  822	 8826	 9526	   15	
 8523	   13	  840	  377	   29	 1129	 9056	 8853	
  771	  122	 8585	 8628	  116	 8655	 9305	   45	
 8777	  351	   71	  428	  650	 8229	 8359	 8388	
   94	  265	 8845	   48	 8590	 8467	 2097	  273	
 8926	 8351	 1866	  806	  717	 8456	 8203	 8385	
   76	  249	 8636	  167	 8796	 8597	 2049	  541	
 8438	  386	 8427	 8784	  708	  248	 9560	 8305	
 8925	  257	  858	  740	  672	   41	    1	    7	
  511	 8488	  786	  107	 8415	 8415	    0	  161	
  692	  402	 8617	 8682	 8691	 8980	 1209	 8562	
 8582	 8962	   76	  553	 8261	 1441	 9018	   26	
 8832	 8870	 8249	  604	 9023	  312	  418	  492	
  863	   97	 8356	  392	  750	 9598	  108	  146	
 8660	  311	 8852	 8405	 8750	  320	  638	  450	
 8895	   14	  968	  326	 9075	 8363	 1386	  151	
  728	 8353	  579	 8368	  747	 9061	 8947	 8271	
  169	 8862	 8613	 8320	 9386	  995	  453	 8222	
   96	 8546	  315	  315	  641	  294	 8608	   73	
 9033	   20	  355	  152	 8693	 8316	 1578	  609	
   80	  309	 9103	    4	 8227	 8538	  393	  648	
  460	 8225	 8889	 8337	  601	 8931	 8700	 8595	
  424	 8377	 8541	 8445	 8717	  524	  608	 8360	
  438	 8805	 8942	  256	 8339	    0	 8211	  657	
 1028	 8386	 9350	 8298	 8213	  457	 9183	 8243	
  645	  127	 8229	 8461	  338	 8828	 9538	 8665	
 9034	 9260	 1548	  265	 8509	  828	 8406	 8255	
 8584	 9904	  520	   98	 9300	  733	  148	 8279	
 8483	  255	  394	  632	  128	  601	  432	 8911	
 8268	 8848	 1010	  139	 8868	 1121	  907	 8904	
 8896	 8531	  451	 8305	 8421	  275	 8464	  121	
  629	  814	 8256	 8427	  474	 9121	 9132	 8345	
 1207	  367	 8952	 8377	  657	 8951	 8737	   62	
 8900	  791	 1035	 8553	 8358	  710	  218	  289	
 8436	 8447	 1476	   28	  323	 8562	 8985	 8197	
 8508	 8706	  729	 8369	 8558	 8400	   25	 8499	
  458	 1002	 8958	 8437	 8831	 8594	 1641	   54	
 8416	 1241	 9021	 8431	  757	  218	 9027	 8487	
 8215	 8374	  161	  260	  679	  219	  183	  145	
 8747	 8550	  518	 8510	 8855	  206	  190	 8391	
 8618	  263	  366	  437	  228	  826	   78	 8527	
 8306	  856	 8211	 8317	 8610	 1136	  642	 8699	
  502	 8210	 8431	 8425	 8420	 8521	  380	 8699	
  286	  881	 9491	 8348	  591	 8494	 8584	 8228	
  329	 8483	 9319	  269	  168	  356	  134	 8348	
  422	   49	 8304	 8366	 8649	 8859	  780	  296	
 9209	 8898	  913	  557	  373	  138	 8441	 8427	
   12	 8286	 8932	 8312	 8914	 9395	  758	  959	
   74	  254	 8269	   27	  289	  359	 8977	  230	
 9062	   51	 1804	 8438	 8310	 1139	  120	 8664	
  153	  697	 9282	 8435	 9102	  422	 1482	   85	
  325	 8368	  753	  436	  870	  728	 9243	 8952	
 8707	 8450	  849	  219	 8888	  715	 8896	 8335	
 8739	  618	 1079	 8491	  280	 8557	 8331	 8453	
 1136	 8819	 8636	 8560	 8618	 8916	   93	  575	
  146	  320	  373	 8624	 8487	  886	  407	 8665	
  722	 9351	 9150	  285	  198	 8270	 8452	  250	
  630	  247	   27	 8232	   44	 8942	  922	 8336	
 8851	  871	  509	  501	  417	  459	 8412	 8680	
  252	   57	 8971	 8261	  436	   28	  747	  273	
  408	  245	  110	 8500	 1191	 8795	10334	 8704	
  402	  174	 9051	 8428	 8567	  279	  891	 8314	
  557	 9790	  115	 8393	 8809	 8455	 8741	  147	
 8232	  429	 8574	 8589	 8920	 8215	 8729	  271	
  162	  159	  405	    5	 8382	 8333	   26	 8576	
  183	 8769	 9317	 8508	 8899	 8799	  548	  134	
  635	 9315	 9178	   58	 8540	  931	 8315	 8325	
 1099	 1064	 9222	 8344	  218	 9234	  616	  350	
  751	 8767	 9026	   94	 9257	 8531	  638	  219	
  792	 1532	 9533	 8558	  488	 8994	  713	  233	
 9099	 8267	   18	  484	   61	 1075	  131	 8199	
    0	 9219	 1062	  317	 8932	  256	  580	  352	
 8964	 8354	  133	  148	  482	  214	    0	  547	
 9006	 8218	  727	 8284	  838	  440	 9355	  107	
 8235	 8522	  817	  347	  338	  135	    6	 8258	
  991	 9110	 8679	  119	 9190	 9557	 1113	  181	
 1018	 9056	10099	 8329	 9703	  158	 1166	  231	
  430	 8666	 8953	  320	  297	 9262	 8531	  413	
 8682	 9722	  594	  447	 9005	   34	  308	   73	
 9068	  623	 1256	  131	  863	 8264	 8976	 8538	
 8439	 8995	 8519	 8218	 8512	 8454	  338	  105	
 8249	 8412	 8385	   37	 8660	 9159	  584	  623	
 8319	 8594	  624	  115	 8261	 8198	 1299	  104	
  552	 9115	  160	 8461	 8989	 8386	  448	   96	
 9238	  224	 1366	  115	  845	 1755	 9895	 9011	
  138	  141	 8597	 8281	   61	 8583	 8237	  183	
  392	 9297	 8227	  470	 8982	 8877	 1240	  496	
 9039	 8793	  577	  284	 8622	  105	 1065	 8274	
  515	 8797	 9325	 8713	   78	 8247	 8469	   27	
 9031	 9116	  556	  106	 8825	  388	  292	  311	
 1265	 8301	 8907	 8512	   73	 9570	 8244	  404	
 8842	 9153	  594	  575	 9353	  951	 1237	   36	
  986	 8243	 9746	 8677	 8543	 8221	 8614	  453	
 8982	  504	 1381	  346	 1200	 8457	 9346	 8664	
 8282	  202	 8624	 8297	  491	  436	 8915	  126	
 8364	  538	 1110	  348	 1183	 8829	 9202	 8384	
 8324	 1004	   24	 8369	 1264	  235	 9175	 8776	
  188	  951	 9097	 8341	  263	  754	  317	 8825	
 1041	 8416	 9294	 8450	 8298	 8933	  370	 8307	
  144	  203	  379	 8308	 8549	  388	 8364	 8754	
  697	  648	 8586	 8208	  995	  352	 9908	 8356	
  425	 1126	  270	 8511	 1672	 8852	 8926	 8519	
 8432	  217	  476	 8676	  461	 8660	 9378	 8380	
 9073	 8876	  154	  353	 8473	   60	 1120	   64	
  206	  442	 8456	 8558	  101	 8738	 9124	  244	
 8597	  608	 8902	 8788	  308	  708	 9698	 8269	
 8737	  866	  110	 8448	   81	 8380	   71	 8266	
  974	   35	 9809	 8669	 9251	 8919	 1564	  847	
  680	  269	 8617	 8973	 8569	 8591	  242	 8780	
  573	 8800	 8852	  419	 9096	   37	 1164	   59	
  147	 9489	 8475	  244	 9292	 8329	 1521	 8344	
 9059	   94	 2199	  400	  263	   59	  624	 8532	
   49	  824	 9124	 8626	  416	  156	 8822	  169	
 9380	  354	 1692	 8458	  354	 1492	 9441	 8867	
  119	  366	 8783	   93	  132	   97	  355	 8464	
 8649	  439	 8861	  233	  119	  110	  196	 8227	
 8818	  857	  505	  244	  835	 8672	 8418	   81	
 8399	 8523	  938	    5	   28	  744	 8583	 8571	
  464	  621	   53	   29	 8313	 8753	  519	 8210	
 1496	  535	 9609	 8853	 1261	 8581	10082	 8472	
 9243	 8225	 1658	 8461	  257	 1192	 9048	 8809	
  706	  396	 9828	 8611	  310	 8279	  384	  560	
 8930	 8358	 8319	  736	 8821	 1067	  551	 8253	
  463	  382	  436	  116	  713	  326	 8611	 8728	
 8718	  287	  464	  261	 9108	 8306	  691	  193	
  984	  570	10266	 8740	 8379	 8328	 8291	 8362	
  718	 8329	 8660	   73	  118	 8674	  129	 8302	
 9296	 8597	 1172	  542	 9004	  802	 1113	 8324	
 8199	   27	 8241	 8529	 8411	 8944	  550	 8256	
 8661	  465	 9384	 8503	 8973	  614	  327	  123	
  529	 8343	 9930	 8259	 8504	  995	 8430	 8276	
 1216	  265	   92	 8608	  263	 9030	 8802	 8299	
 8703	 9422	 1255	  217	 8353	  139	   24	  205	
 8641	 1002	  510	 8339	 8511	 1083	  793	  254	
  422	  625	  329	 8295	  147	 8957	 9080	   93	
 8337	  657	  677	  308	  464	   83	 8604	 8454	
  975	  574	 8937	 8680	   99	 8436	 8968	  297	
 9349	 8770	 1143	  116	  245	  441	 8344	 8232	
 8912	  670	  537	 8224	 8586	 1135	  784	 8714	
 8945	  583	 1007	 8534	 8382	 1422	 8204	 8487	
 8677	   46	 8477	 8615	  344	 8225	 8427	  418	
 8434	  594	  807	  218	  629	    6	  137	   60	
  876	 8449	 9022	 8240	 8401	 9524	  834	  117	
 1428	  797	10455	 8944	  446	 8199	 9400	   19	
  532	  903	 8584	 8295	 1100	 8898	 9878	  218	
  621	 8668	 9863	 8293	 8940	 8527	  432	  414	
 8386	 8431	  417	  522	 8332	  250	   89	  291	
 1123	 8358	 9900	   43	 8703	 9539	  496	  494	
 8500	 8383	 1206	 8217	  324	  730	 9516	 8875	
   79	    1	  564	   18	  880	 9797	 8998	   80	
 8536	 8306	    6	  400	 8600	  346	  268	   28	
 8678	 9651	  666	  340	 9334	  226	  577	  254	
 8425	 8213	 8471	  285	  431	  257	 9047	 8537	
 9321	 8335	 1420	  641	  577	 8655	  258	  304	
  240	  322	 1350	  123	  323	 9182	   64	 8396	
  966	 8470	 9929	 8813	  376	 8305	 9386	    7	
  472	  112	 9194	 8559	 8251	  261	  139	 8211	
 8757	  815	  625	 8492	 8214	   78	 8851	 8193	
  219	 8971	  525	  400	  360	   38	 9135	 8769	
 9580	  238	  969	  214	 8699	  326	 1106	 8242	
 8243	  123	 9260	 8273	 8672	  225	 1581	  545	
 8267	 1071	  551	 8398	 8202	  563	 1093	 8564	
 8975	  713	  558	 8424	 1111	  387	 9732	 8650	
 8910	  751	 8332	    7	 8353	 8355	  576	  146	
 8278	  199	  594	 8254	 1003	 8993	 9209	  242	
 8357	 1190	  149	 8440	 8252	 8614	  940	 8224	
  319	 1850	 8866	 8599	 1545	 8197	 8819	 8236	
 1118	  484	 9420	 8990	  301	 8614	 8655	 8412	
 1384	 9336	 8650	 8361	   13	 9488	 8752	  169	
 8722	 8513	   20	 8391	 8431	 9147	  376	  140	
   87	 8884	   72	  118	 8685	 8699	 8507	   40	
   53	 8325	 8615	  287	   85	 8217	 8696	    4	
 8569	 9197	   43	 8403	 8814	 1504	  509	 8495	
  700	  442	 8668	  206	  847	 8238	 8774	 8468	
 8983	  602	 8321	 8445	 8420	  876	   41	  123	
  274	   37	  811	 8279	  209	 8387	  270	 8717	
  442	 8357	 8283	  420	 8228	  346	   99	   48	
 8288	  548	   27	 8774	  299	 8693	 8667	 8770	
  473	 8878	 8783	 8538	  384	 8887	 9395	  467	
 8315	 8264	  272	  141	 8762	 8215	 8521	 8435	
 8853	 8528	  454	  158	  381	 1493	 8940	 8656	
 8721	 1180	  901	  231	 1236	  139	 9398	 8231	
 1098	 9552	 9167	  278	 9362	 8945	  990	 8276	
 8353	 9504	 8270	  251	 8506	 8228	 9319	   38	
 8511	 1253	 8279	 8440	  357	 8396	 8259	  411	
 9088	 9523	 1704	  403	 8326	  303	 8248	  518	
   53	  771	 8478	 8463	 1337	  172	10913	 8564	
 8268	 8706	  463	  328	  816	 8382	 9535	 8846	
 8654	 8896	 1133	  428	 8661	   94	 1186	 8467	
 9205	 8492	  457	  806	 8385	  372	  287	 8216	
  552	 9620	  123	  348	  505	  165	 8531	 8202	
 8496	  995	  778	 8216	  222	  144	 9221	  137	
  707	  361	10336	 8426	  129	 8699	  489	  676	
 8542	 8287	 9051	  393	 9731	  787	 2758	  165	
 8786	 8239	  919	  239	 1050	 8219	 9599	 8236	
  676	 1190	 9326	 8828	   73	  181	 8901	 8313	
 9140	 8222	  641	  292	 9234	 8274	 2485	  536	
 8399	 8839	 1359	  412	 8694	  143	  388	 8876	
  261	  498	 8515	 8433	 8747	 8295	  282	  324	
 9101	 8633	  602	  532	 8402	  791	 8307	  724	
 8272	  650	 8500	 8616	  130	  217	 8743	 8265	
 8731	 8337	  573	   36	 8802	 1308	  665	 8226	
 9087	 8359	  871	  201	 8466	 8376	  725	 8389	
  310	 9222	 8731	 8278	 8371	 8821	 8950	  379	
   41	 1509	 9239	 8430	  501	 8332	 8929	 8517	
  944	 8665	  132	   10	 8352	  312	 8699	 8592	
 8733	  356	  330	 8296	  974	  355	 8689	 8362	
 9213	  429	 1389	  151	 8436	  937	  919	 8829	
 8369	 8676	 8296	 8536	 9268	  740	  830	  350	
 9221	  975	  305	 8268	 8335	 8473	  857	  327	
  204	  155	 9284	 8644	 9251	  479	  604	  306	
 8286	 8223	 8251	 8445	 8578	  485	 1084	  143	
  711	 8494	 9071	 8776	 8578	 9339	  864	  624	
 9372	  446	  595	  241	 8951	  253	 1656	  671	
 8372	 9021	 8673	 8746	 9421	 8353	  825	  168	
  968	 8823	 9416	 8521	 9491	 8688	 1426	  183	
   41	 9100	 8227	  760	   51	  177	  399	  165	
  363	 9279	 8731	  756	    8	 8473	  770	   93	
 8682	   12	  411	  261	 8330	  919	 8253	 8612	
  531	 8670	 9791	 8483	 8332	 8951	  783	 8219	
  157	  519	 8247	 8634	  653	 9061	 8797	 8682	
 8422	 8610	 1147	  274	  708	 8994	 9071	   85	
 8370	 8769	 8739	  217	 8386	 1050	 9396	    7	
  432	  241	 8559	  512	 8196	 8295	  823	  324	
  336	 9003	 8244	 8668	 8475	 8318	 9201	 8238	
  152	  108	 8425	 8675	  908	 9154	 9052	  389	
  312	 8498	 8423	   38	 8307	  197	 9352	   41	
  154	 8437	  600	 8268	  882	   54	10501	 8452	
 9303	    4	  142	 8449	  141	 1251	 9072	 8452	
 8617	 8457	 1078	  144	   20	 8385	 1410	  100	
  407	 8425	 1336	  134	  536	 8719	 9091	 8528	
 8713	 8621	 1106	  473	  815	  376	 9640	 8859	
 8284	  863	 8576	  253	  201	  444	 8193	 8511	
  150	 8220	  252	  289	  283	  373	 8396	  104	
 8464	10115	  550	  179	 9180	  380	 8347	 8262	
 8664	 1088	 1052	 8515	  370	  945	 8439	 8217	
 8964	 9299	 1382	  592	  226	  190	 8899	 8506	
  237	  471	 8397	 8437	 1329	 8276	10744	 8309	
 8936	 8502	 1161	  150	  215	  572	  149	 8559	
 9106	 8398	 8535	  391	 8474	 8243	  730	  346	
 8584	  418	  300	 8721	 8759	  114	  122	  399	
 8533	 1778	  300	 8318	  943	 8891	 8659	   88	
 1063	 8519	 9416	 8543	  174	 8602	 8275	  505	
 8576	  508	 8485	 8440	 8766	 8593	 1439	  662	
  991	 8261	 8344	 8446	  505	 9297	 8672	 8280	
 8307	  127	    0	 8317	  101	 9411	  144	  123	
 8626	 8382	 8238	  298	 8581	   87	 1807	   40	
 9259	 9276	 1629	  624	 8555	 8238	 1314	  319	
 8723	 1086	  841	   65	  830	 8339	  113	   48	
  563	  865	 8817	 8380	  248	 8998	 9106	  142	
  288	    0	  343	 8308	 8572	 8843	  463	 8376	
   93	 8857	 8371	   81	  415	 8424	 8525	 8354	
 8833	 9295	 1274	  499	   58	  985	 9324	 8690	
 8700	 8522	 1528	 8268	   35	  175	 9111	 8331	
 8415	 9372	  693	  466	 8518	  559	 8252	  314	
 9260	 8595	 1114	 8237	 9098	 1248	 1322	 8245	
 9455	  705	 2356	 8246	  275	  542	  140	 8486	
  344	 8852	 8424	 8420	 9113	 9351	  747	  713	
  582	  113	 8783	  118	  104	 8794	 8612	   90	
  238	  697	  226	 8291	 1341	 8193	10191	 8457	
  372	 8671	  161	  221	 8361	  765	   83	 8831	
  224	 8861	  315	   67	  146	  325	 8527	 8330	
  509	 8562	 8481	  215	 8914	 8871	 1752	  157	
 8923	 8637	  402	  347	 8390	  333	  188	  251	
 8417	  331	 8519	 8270	 8507	 1049	  864	 8620	
  967	 8867	  192	   21	 8868	 9328	  571	 8552	
  103	  723	 9021	 8386	 8381	 8816	  219	  522	
 8736	  821	  641	 8659	 1148	  396	 9676	 8325	
 1105	 8789	 9479	 8225	 8722	 8939	 8574	  217	
  694	 9054	 8580	   13	  538	 8288	 8725	  336	
  380	 8287	 9499	 8227	 8315	 8467	 8793	  577	
  463	 8724	  840	   48	  392	   21	 8517	 8198	
  427	 1161	   14	 8255	  624	 8900	   28	 8222	
 9252	 9138	  921	  221	 8879	  915	 1369	 8246	
  128	  332	  710	  420	 1092	  462	 9142	 8205	
  711	  214	 9160	 8514	  398	 1010	 8987	 8572	
 9277	 8644	  291	  741	 9072	  834	 1219	   82	
  349	  462	 8767	  403	  820	 8522	 8802	 8278	
 8340	  403	  331	   75	 1083	   94	10319	  251	
  919	 9516	 8785	  126	 8845	 9363	  175	 8390	
 1512	 8443	10066	 8562	  506	 8785	 9116	 8267	
 8925	 8393	 1151	  210	  150	 1287	 8633	 8655	
 8329	 8313	   95	 8347	  700	  445	10463	 8511	
 1060	 8882	  326	 8282	   52	 9924	 8245	  108	
 8394	 1681	 8727	 8601	  742	   63	 8544	    7	
   91	 8810	 8786	 8195	 9671	 1066	 1730	  297	
  120	 8504	  337	 8567	 8652	   33	 1266	  211	
 8771	   80	 1161	 8388	 8288	 8383	 8193	  169	
 8740	 8816	 1867	  167	  231	 8377	 9067	  178	
 8883	  290	 8298	 8218	 8835	 1185	 1325	  508	
 9665	  642	 2923	  409	  921	 8389	  161	 8492	
  322	 9811	 8410	  535	 9458	  323	 1681	 8357	
 8530	 8362	  163	 8325	 8738	  271	 1139	  410	
  653	  174	 8431	   90	 8542	  139	  575	  222	
  125	  803	   85	 8231	 1306	 9402	 9787	 8531	
   55	 8499	 8849	 8397	 8325	  454	 8435	  426	
 8888	  599	  370	 8285	 1034	 8418	 9078	 8203	
   89	  165	  394	 8349	  715	 9497	 8942	  125	
 1144	 9453	 9298	   84	 9124	 9711	 1125	  262	
 9284	 8594	  414	  147	   45	   67	  244	 8242	
 8274	 1230	  113	 8665	  849	 8653	 8758	    4	
 8378	  198	 8272	  527	  426	  390	 8357	 8502	
 8294	 8959	  274	 8767	 8368	 8880	 8414	  665	
   37	 9709	  212	  336	 9667	  543	 1617	   69	
 9173	  743	  465	  214	  668	  347	 8444	 8539	
 9165	 8801	 1115	  172	 9202	  406	  566	 8336	
  840	  755	 8857	 8469	 1167	 8291	10021	 8471	
  859	 8769	  732	  234	 8307	 9669	  903	   65	
   16	 8292	 8446	  441	 8459	 8421	  445	   10	
 8550	 8535	 1207	  266	 8519	  715	 8463	  215	
 8762	 8727	  318	  124	  304	  477	 9249	  232	
  303	 9183	   99	  553	 8990	  523	  546	 8472	
 8215	 1309	 8458	 8210	 1292	   11	 9015	 8563	
 9093	  339	  548	 8297	 8920	 1644	  803	  103	
 9619	 8685	 1720	   63	 8562	  549	  685	  292	
  336	 9025	 8756	 8529	 8790	  223	 8241	  216	
 8767	 8201	 8555	  370	 8403	  503	  806	  227	
 8757	 9017	  846	  348	  550	 8376	  381	  349	
 8315	 8205	 8293	 8247	 8655	 8723	   48	  196	
 8590	 8203	  640	 8596	  875	 8650	 9405	  177	
  323	 1059	 9148	  147	  604	 8703	 9544	 8612	
 9243	 8565	 2655	  346	  437	   85	 8769	   23	
 8273	 8727	  436	 8529	 9219	 8784	 1556	  327	
  727	 1547	 9021	 8544	 1012	 8439	 8352	 8330	
  905	 8739	   27	 8527	 8807	 8600	  397	 8250	
 8534	  559	   44	  231	  456	   56	 8523	 8480	
 8332	 8193	  151	 8667	  743	 9036	 9131	   72	
 9066	  457	  579	  289	 8264	  745	  535	  385	
 8743	 8361	  368	  500	 8584	 1034	 8515	 8272	
 8702	 9090	  333	  658	 9691	   51	 1430	  185	
  633	 8876	  367	  132	 8320	  612	 8643	 8901	
  181	 1143	 9379	 8316	  327	  650	   46	 8693	
 9013	 8737	  952	  246	 8518	  632	  485	 8230	
 8230	  946	 9182	 8697	  485	  440	 9803	 8247	
 1261	 9134	 8370	 8203	 8241	 9069	 8337	   39	
 1114	 8210	 8244	 8398	 1111	 8926	 9392	 8530	
  262	 8978	 8592	 8213	 8522	 9374	 8375	  548	
 9292	   77	 8876	  212	 8545	 1513	  716	  197	
 8234	  177	    7	 8558	 1023	 8234	 9955	 8888	
 8310	 8246	  208	   52	  273	  782	 9386	 8457	
 8372	 8921	  544	   98	 9259	 8240	 1282	 8271	
 1145	 8244	 8901	 8465	  449	 8607	 9997	 8441	
  229	 8623	 8575	 8286	  199	 8206	 9341	  255	
  814	  346	 9652	 8940	   73	  293	 9297	 8537	
 8296	 8332	  155	  465	  769	  694	 8917	   67	
 9074	 9134	  350	  602	 8502	  778	   98	 8296	
 9944	 8239	  922	  462	    4	  564	 1032	 8274	
 9462	 1052	  824	  306	 8605	 1313	  663	 8513	
  576	 8335	 9806	 8604	 8272	 8648	  290	  409	
 8674	  501	 1118	 8530	 8541	 9376	 1025	  239	
 8846	  971	 1119	 8475	  484	  826	 8257	 8537	
  551	  997	  128	  254	  872	 8478	 8566	 8235	
  959	  173	10043	 8620	 8358	 9582	 1002	  705	
 9341	 1120	  984	 8225	 8296	  375	  264	 8583	
 8388	 8803	 8626	 8283	 9460	  139	 1276	  306	
  482	  846	  105	 8373	  269	 8245	 8607	 8298	
 8853	  239	  770	 8571	 8465	  541	 8365	 8585	
 8938	  465	 1269	  362	  973	  144	 8238	 8383	
  663	   35	 9817	 8461	 9341	  233	 1426	  443	
  115	 1142	  223	  122	  562	 8842	 9152	  111	
 8993	 8866	 8418	 8329	 9012	 1027	  543	   17	
  228	 9123	 8893	  386	 9576	 8661	 1046	  197	
 9363	 8622	 1971	  842	  526	 8225	 8427	 8357	
 9397	  224	 1989	  356	  772	 1073	 9475	 8688	
 1175	 8343	 9719	 8386	 8469	   38	 8972	  268	
 8702	 8970	 1568	  467	 8639	 8256	  711	 8209	
 1116	  121	 8741	 8495	 1292	 8671	10148	 8855	
 8918	 1493	  826	 8489	  527	  936	 8432	   26	
  466	  120	 9791	 8339	 9184	 8762	  688	  187	
 8391	  125	  269	 8364	  590	  207	 9799	 8722	
  756	 8248	 9636	 8349	 8618	 9556	 1006	  405	
 9482	 8357	 1022	  313	 9026	 8381	 1809	  693	
 8503	  203	  142	 8194	  838	  107	 8405	 8250	
 8353	 9717	 8394	  232	 9055	 1103	 8284	 8236	
 8206	 8371	 1017	 8433	  303	 8246	 9020	    0	
  638	 8406	 8232	   35	  737	 8642	 8986	 8859	
   43	  296	 9004	 8471	 8944	  332	 8591	   39	
 9600	  929	 1692	   16	  169	 1450	 8655	 8558	
  380	  333	 8962	 8602	  983	 8447	 9948	 8479	
  100	 8658	 8850	  288	 9522	 8253	 1837	  107	
  396	  850	 9477	 8622	  605	    1	 8781	  473	
 8359	 1501	  625	 8340	 8202	 8506	  901	  111	
  286	  231	 8895	   22	 8284	 8245	  619	  411	
  436	   96	 8762	  160	 8386	 8842	  431	  729	
  636	 8386	 9645	 8416	 8617	  480	  238	   11	
  203	 1133	   78	 8271	  901	 8206	  224	 8705	
 9730	   39	 1448	  711	  529	  693	 8328	 8863	
 8382	 8688	 8278	  573	 9240	  897	 1132	 8311	
 8390	 9010	  868	  302	 8590	 8907	  313	 8206	
 9322	  387	  917	  552	 8196	  541	  361	  414	
  490	 9247	 8326	  391	  194	 8823	  366	 8334	
 8569	 9173	  656	   27	 8521	 8683	 8333	  304	
 9018	 8625	 8452	   32	 8795	  808	  537	  227	
 8589	  175	  518	  110	 8768	  641	  626	  561	
 8759	  251	 8987	 8383	  109	 8249	 8225	  620	
  528	 8407	 8520	 8201	   56	 8805	  187	  481	
 8530	 8764	 8693	 8396	 8468	 8257	 8310	 8334	
 8496	 8458	  524	  535	 8466	  163	  805	 8541	
 8314	  232	  280	 8569	   18	   29	 8594	  102	
  419	  585	 9134	 8530	  382	 9806	  489	  524	
  648	  110	 8487	 8578	 8746	 9691	 1152	  531	
 8346	  423	   81	 8269	 8492	   43	 8786	   60	
 8245	 8453	 9200	  236	 8433	  153	 1009	  238	
  166	 8543	 8828	 8400	 8613	 8312	 8896	  575	
 8373	 8890	 8830	  222	 9118	  717	  948	  165	
  164	  341	 8881	  447	  628	 8847	  192	  207	
 9238	 8440	  780	  243	 9165	  183	 1966	  607	
  940	  628	 8573	 8319	  642	 9710	 8781	 8430	
  537	  452	 8397	 8394	  806	  304	 9498	 8712	
  161	  274	 8906	 8266	  213	 8648	  718	  113	
 8860	 1024	 8746	   43	  602	  709	 8329	 8677	
  104	 9090	 8921	 8706	 9146	 8552	  574	 8202	
 9110	 1238	 1082	  158	 1563	  733	 9182	 8449	
 8492	 9334	  118	  600	 9447	  849	 1348	  257	
  326	 8529	  654	 8232	 8325	 9049	 8720	 8204	
  294	  441	    6	 8235	   76	 9102	  364	 8233	
  701	 8869	  282	 8460	 8632	 9129	  884	  318	
 8249	  836	  282	  302	  483	 9007	 8602	  449	
 9444	  305	  973	 8378	  774	 1170	 9444	 8792	
 1382	 8282	 9982	 8331	 9044	 8440	 8418	    7	
 8220	 8227	  534	 8776	 8848	 9591	 1449	  428	
  377	 8434	  325	 8451	  540	  466	 9054	 8773	
 9373	  583	 1575	  104	  801	 1101	 9011	 8455	
  611	 9775	 8594	  403	 9270	  819	  679	 8327	
  193	 1480	 8476	 8539	 1402	 8360	10095	  128	
   16	  599	  668	 8398	  448	 8440	  682	 8616	
  172	 9382	  218	 8266	 8628	  343	  354	 8236	
 9330	  146	 1677	  198	 1329	  244	 9218	 8261	
   57	 8231	 8868	 8340	 8671	 8718	 8329	 8226	
 9115	  173	 8848	  160	  203	 1086	 8661	  200	
 8318	 8447	 8449	 8277	  250	 9192	 8304	  396	
 8579	 8382	  290	  109	   58	 1138	 8560	 8200	
 9549	 8685	 1350	  176	 8641	 1046	  690	  189	
  734	 8560	 9897	 8395	 8258	 8605	 8760	 8223	
 9299	 8755	 1384	  951	  278	 8521	  547	  302	
 8854	  410	 1719	    2	  805	  139	 9478	 8423	
  277	  446	 8669	 8553	 8848	 8351	  154	  314	
   46	 8263	 9130	  110	 8645	 8511	  646	  743	
 8658	 8241	 8496	  500	  243	  260	 1065	   85	
 8304	 8670	 8217	  218	 9571	 8707	 1670	  298	
 8276	 9175	 8474	  146	  118	 1037	  404	 8637	
  168	  335	 8728	 8379	  290	 9392	 8614	  600	
 8909	  755	  595	 8510	   92	  230	 8347	  325	
   16	 8609	  517	 8237	  410	 8918	 8285	  313	
  805	  587	   77	 8296	  653	 8309	 8758	 8390	
  145	  132	    1	 8194	  421	 8382	 8493	 8608	
 1016	  248	 8877	 8550	  231	  232	 9109	 8848	
   85	 8354	 1038	  140	 8304	 9196	  119	 8601	
 8195	  170	 9151	  217	 8711	  443	 1797	 8333	
 1116	 8779	 9153	   19	  358	 8640	 8755	  576	
  281	 1204	 8915	 8462	  179	  119	   11	 8266	
  165	  911	 9352	 8664	 8620	  341	 8330	 8358	
    8	 8402	  971	 8498	  534	 8495	 9293	 8313	
  550	  556	 8444	 8353	  452	  185	 9241	 8533	
 8474	  843	  835	  277	  867	 8291	  209	 8685	
 8741	 1861	  204	 8748	  699	  315	 9233	   54	
 8636	 9165	  166	  512	  247	  255	 8678	  370	
 8587	  730	  182	  718	  745	  706	 8925	 8640	
 8193	 9033	 8826	 8525	 8270	  516	 8337	   47	
   21	 8992	 9087	  665	 8626	  363	 1009	   54	
 8655	  212	 1338	 8277	  395	  454	 8803	  133	
 1800	  800	 9902	 8391	  961	 9334	 9532	  136	
 9051	 8712	  936	  369	 8486	  175	 1284	 8262	
 8667	 8474	  492	  532	 8351	   62	 1199	  417	
 8245	  457	  512	 9039	  379	   90	 9471	 8681	
 9282	  171	 1419	  452	  667	 8300	  108	  236	
 1133	 8361	10406	 8237	 8503	 9035	  174	  336	
 8692	 1221	 8423	  213	  385	  539	 1184	 8409	
 8197	 8960	 8623	  473	 9578	 8268	 2037	  363	
  706	   98	 9093	 8247	 8878	 8470	 8269	 8391	
  414	 8992	 8410	  298	   60	 8686	 8545	  510	
  355	  421	 8581	 8301	  583	 8977	  707	   71	
  751	 8357	10060	 8411	 8897	 8956	  803	  500	
    0	  749	   89	 8482	  752	 8569	   78	 8657	
 9488	 8703	  871	  638	  297	  641	 8256	   91	
 8781	  649	 8624	 8302	  267	  993	 8536	  266	
  537	 8832	  510	 8462	 8533	 9011	 8352	 8265	
 8511	  212	 8272	 8686	  279	 9196	   34	  232	
  567	 1718	 9793	 8469	  641	 8560	  164	 8404	
 9545	 8372	  810	  139	  240	  202	  491	   49	
 1022	 1089	 9645	 8434	  752	 8600	 8592	 8368	
  849	  676	 9303	 8674	 8363	 9589	 1103	  417	
 8233	 9166	 8226	  259	    3	 8195	    6	 8574	
 8727	  288	  870	  457	 1283	  931	10227	 8778	
   43	 9249	   87	  323	 9257	  747	 1072	 8485	
   86	 1197	 8573	 8446	  837	 8997	 9397	 8350	
  119	  510	 9135	 8655	 8650	 1071	  238	  188	
 8476	 8460	  204	   35	 8657	 1324	  125	 8678	
 9208	 9215	 1187	  684	 8225	  648	 8355	  342	
  608	 8543	 9919	 8456	 8271	 8980	  789	  159	
  620	  192	 9613	 8668	 8871	  152	   65	  389	
 8403	  671	  150	  337	 8296	  679	  313	 8465	
 9003	  753	  881	 8222	  476	  522	 8640	 8325	
 8886	  339	   13	 8250	 9353	 8333	 2374	  551	
 1417	 9631	 8838	    4	 8651	 9958	  555	  507	
  175	  244	 8856	  566	 8573	  106	 1731	  208	
 8322	 9021	 1068	  230	 8942	  211	  440	  343	
 8456	 1154	   33	  137	 1018	 8630	 9488	 8424	
 8683	 8277	 1150	  434	 1079	 8455	 8823	 8677	
 8829	   76	  852	 8523	 8569	  980	  194	 8350	
  561	 8400	 8456	 8891	 8506	 9191	  635	  306	
 8548	  769	  518	 8536	  241	  256	 8799	 8297	
  515	 1016	 9007	 8314	   12	 9440	  596	  555	
 8515	   31	 1409	  129	 8211	 8647	 8532	 8424	
  661	 9396	 8804	 8413	 8300	 8592	 9254	 8476	
  120	 9354	   73	 8352	 8869	 8577	 8676	 8304	
 8783	   67	 2137	  282	  274	   67	 8329	 8220	
  172	 8925	  131	  202	  545	  178	   65	  122	
 8935	 8338	  472	 8359	 8205	  300	  125	  400	
  479	  241	 8589	  434	 8651	   72	  769	 8395	
 8616	  455	   41	  237	 8333	  165	 8246	  107	
  521	 1480	 9708	 8498	  615	 8963	  130	   66	
  329	 1277	 8856	 8700	 1157	 8560	 9475	   19	
  291	 8308	 9319	 8476	 9578	 8785	  988	  834	
 8246	   73	 9062	  112	  320	  495	 1077	  439	
 8883	 8802	  980	  501	  370	 8289	  928	   65	
 8377	 8258	 8253	  277	   79	 9396	  430	  592	
 8643	 8322	 8378	  382	  656	  944	 9955	  178	
 8295	  681	  283	 8450	  146	  894	 9116	 8561	
 1142	  201	 9878	 8407	  319	 8864	 8645	  464	
 8432	   95	   50	 8409	  382	  617	 9278	 8634	
  237	  540	 9323	 8566	  320	 1107	 8691	 8655	
 8245	 8262	   19	  159	 8512	  894	 1175	 8386	
 8456	 8758	  915	  253	  827	  349	10079	 8594	
  477	 9151	 9577	 8446	 9651	  139	 8282	  358	
 8512	 8397	  150	  304	  164	 1269	 9800	 8465	
 1100	 8891	10021	 8650	 9453	   82	  600	  182	
 9153	 8647	  756	  512	 9089	 1186	  823	 8455	
  287	  728	  373	 8603	 8254	 9340	 1356	   35	
  811	 1551	 9372	 8740	  641	 8978	    5	   46	
 9154	  227	 1301	 8331	 1113	 1005	 9620	 8843	
 8593	  241	 8550	  118	 8864	  717	  580	   93	
 8358	 8852	 8570	  579	 9838	  828	 1510	  133	
  492	 8485	 9831	 8662	 8963	   66	 8531	  598	
  162	  630	  836	 8575	  455	 8762	  891	 8471	
 8604	 8803	  117	  133	  118	   46	 8393	  479	
 8418	 9410	  339	  550	 8312	  950	  222	 8622	
 8736	 8360	 8961	  308	 8483	 8223	  949	  338	
 9277	 1257	  520	   54	  843	  889	 8573	 8829	
 9204	   62	 1414	  241	  648	 1085	 8893	 8897	
 8918	 8555	 1030	  322	 8399	  495	 1046	 8475	
  495	 9917	  283	  486	 9337	 8511	 1162	 8228	
 8261	 1112	  267	 8566	   59	 1118	  206	 8216	
 9210	 8793	 1826	  491	  284	 8239	  630	  113	
  842	 9421	 8650	  142	  545	 8593	 9455	 8484	
 8820	  570	  584	  301	  388	  425	 8639	   18	
 1048	  162	 9007	 8420	 8637	 9184	  978	 8234	
  357	  347	 8807	 8786	 8518	 8259	  354	 8642	
 8639	 8364	  778	  396	  888	  223	 8359	 8248	
  250	 8999	 8594	 8352	  220	 9249	 8937	  603	
 8734	 1502	  277	 8357	 1017	  310	 8533	   54	
 8545	 1190	  167	 8474	   86	 8758	 8388	  367	
 8806	 8293	 1592	  379	  148	 8689	 8497	  278	
 1003	 9629	 8366	 8295	 8602	 9257	 8587	  228	
  115	  236	 9345	  120	 8214	 8655	  716	  361	
 9320	 9273	 1785	  812	 9098	  273	 1294	 8293	
 8516	  784	 8297	 8429	  922	 8301	 9636	  375	
 9451	 8533	 2663	  795	 8279	 8636	  830	  101	
  134	  354	  336	 8317	  676	 9203	   82	 8503	
 9937	 8617	 1900	  170	 8477	  646	 1137	  135	
 8199	  237	 9090	 8768	 8698	 8348	  357	  913	
 8965	  291	 1444	  186	  519	  280	 9319	 8739	
 8379	  127	  340	 8264	 9066	 8796	 2247	  379	
 8833	 9174	  850	  340	 9288	 8314	  533	   51	
 8822	 8587	 1674	  360	 8462	 8621	   50	  132	
  386	 9281	 8638	  275	    9	  293	 8819	   70	
   77	  601	 8219	 8357	 1048	  159	 9794	  133	
  507	 9058	 9256	  239	 8809	 9033	 8231	  227	
 8963	  590	 8860	 8291	  351	  165	 8544	 8344	
 8264	  439	 9020	 8717	 8292	  237	 9089	  424	
  105	 8379	 8346	 8641	 8919	 8852	 1462	  431	
  166	 9097	 8838	  589	 8574	   92	  466	   56	
  139	 9429	 8328	   49	 9725	 8349	 1709	   46	
 8364	 8487	  169	   40	  716	  149	 9285	  334	
 9539	 8366	 2587	  163	   17	 1107	 8575	 8528	
 8745	 9241	 1842	  610	 8895	   87	 1298	 8350	
   83	  193	  193	  415	  776	 8268	 8673	 8400	
  470	  859	 8892	 8663	  674	 8198	 8303	 8590	
  123	 8348	 8346	 8359	  532	 8711	 9346	  454	
 8494	  160	  485	   90	  522	  740	 9970	 8791	
  505	 9036	 9126	  209	 9663	 8942	 1037	  590	
  144	  137	 1067	 8446	 8283	 8711	 8866	 8508	
  324	 8274	 8229	 8270	 8597	 9078	 1526	  241	
  502	 8854	 8481	  151	  228	  615	 8751	 8304	
  415	   12	 8348	  396	  979	  386	 8643	 8488	
  277	 1335	 9187	 8605	  298	 9354	  416	  335	
  774	 1021	 9681	 8421	  521	 8656	  520	  451	
 8458	  213	 2131	  225	  310	 8616	 8205	 8436	
  102	 8575	  347	 8682	 8250	  269	  185	 8254	
  537	 8299	 1013	 8245	   37	 9482	  424	   97	
   22	 8593	   83	 8897	 8701	  580	 8736	 8648	
  163	  677	   63	 8462	  608	  402	  139	 8649	
 8573	 8869	  548	   56	 8910	  989	 1046	  253	
  507	  120	 1036	 8408	  657	 8874	 9271	 8382	
 8271	 8912	 9155	 8398	 9789	  626	  754	  304	
 9247	 8279	  351	  295	 8471	  204	  635	  388	
   87	 8261	 9285	 8281	 9167	 1052	 1022	 8262	
  425	    2	 8926	  256	  426	 8765	  922	  376	
 8800	 8260	 8253	  526	 8461	  320	  634	  520	
 8481	 1355	  239	 8632	 1159	  307	 9592	 8316	
  669	 8786	 8661	 8328	  346	 8962	   70	 8286	
  554	 8929	  202	 8645	 8423	 8815	 8792	   53	
 8198	  834	 8517	 8634	  232	  372	 9136	   53	
  822	 9715	   25	 8410	 8930	 8647	 8981	   39	
 9745	 8455	 1249	  153	 9242	 1478	  869	   58	
 8895	  143	  212	 8462	 8729	 8704	 1105	  578	
 1512	  525	 9365	 8295	 8502	 9238	   93	 8601	
  815	 8219	 9376	 8598	   27	 8727	  443	  344	
  546	   32	 9531	 8574	 9053	  376	  457	  332	
  449	 8441	 9023	 8241	 8578	 9167	  625	   98	
  211	 8575	  329	  265	  468	 8472	 8199	   79	
  260	 8986	 8291	 8571	 8787	 9150	  577	  211	
 1066	  566	 8951	 8868	  264	 9223	   97	 8243	
 8227	  304	  656	 8469	  161	  815	  399	 8670	
 8322	 8208	  469	 8873	 8478	 8977	  443	  190	
  126	   33	  859	 8381	  467	  543	 8621	 8677	
 8480	  263	 9689	  280	 8370	  630	  760	 8212	
 9083	  487	  530	  315	 8581	 8511	  843	  402	
   24	  174	  446	 8214	 8290	 9317	  815	  415	
 9267	  656	  804	 8250	    4	 1657	 8287	 8558	
  286	 8292	 9070	  200	  432	 8444	 9885	 8349	
 8580	  682	  990	  522	 1362	  738	 9830	 8360	
 8763	 9146	  973	  213	 8957	  309	  682	  227	
 9093	 9262	 1459	  409	 8582	  406	  825	  315	
 8394	 8828	 1281	   77	  390	 8554	 9239	  134	
 1065	 1030	 8989	 8372	 1352	  233	 9713	 8298	
  170	 8413	 8627	  479	 8433	 8714	  247	   37	
  950	 8530	 9559	 8476	 9553	 8778	 1480	   77	
 8241	  316	  165	   82	  798	 8766	 8996	  171	
 9309	  688	  584	 8298	 8245	 2051	 8517	 8806	
 9004	  385	 1655	  207	  603	  662	 9066	 8578	
 8909	 8635	  234	 8280	 9075	   15	 1248	 8198	
   13	 8285	 8850	 8339	  397	 9605	 8280	  684	
 1053	 8387	  485	 8518	   23	 9107	 9171	 8385	
 8667	   62	  135	 8704	  956	  217	10064	 8755	
  353	 8469	  282	 8258	  249	   15	 9511	 8629	
 8346	  794	 8885	 8442	 1033	  538	10444	   40	
  263	  690	 8747	 8725	 8436	 8847	  220	  162	
 1858	  172	 9478	 8441	 1215	 9421	 9903	   83	
 8276	 8707	  602	  229	 8529	 8969	  821	 8286	
  172	  843	 8848	 8578	 8560	 1454	   59	 8578	
  476	 8466	 8473	  141	 9000	 9965	  903	  887	
 1332	 9382	 8976	   96	 8422	 9221	 8504	 8570	
  938	 1189	10344	 8975	  874	  586	 9727	 8531	
 9426	 1085	 1096	  248	  870	  766	 8572	 8410	
  460	  478	  193	  199	 8642	 8306	 1082	 8364	
  553	 8295	 9597	 8455	 8325	 9304	 1293	  287	
 1276	 8776	 8736	  157	 9112	 9637	 1233	  152	
 1460	   54	10167	 8654	  257	 8352	 9189	 8472	
 9056	 8875	  947	  202	 8634	  259	  972	 8379	
  637	 8417	 9545	 8405	 8194	 8829	 9087	  914	
  118	  502	  705	 8441	 1631	 9625	 9937	 8222	
  339	 8418	 9338	 8361	 9019	 8620	 8237	  602	
 8375	 1429	 8574	  212	  993	  400	 8318	 8740	
 8822	  563	 1934	  120	  122	  276	 1004	 8565	
 8754	  112	    0	 8366	 8370	  215	   58	  377	
 9282	 8332	 1774	  648	  833	  651	 8968	 8914	
 8672	   64	  588	 8495	  858	  241	 9947	 8506	
 1104	 9393	 8967	 8618	 9451	 8736	  940	 8427	
 8774	  699	   61	  149	  432	 8552	 8583	  574	
  778	  141	 9162	   79	  360	 9774	 8387	  545	
  490	 1352	 8400	 8435	  594	 9015	 8217	 8272	
  208	 8554	 9590	 8422	   49	  319	10038	  184	
  321	  296	  619	  219	 1166	 9041	 8532	 8831	
 9224	  409	 1272	  437	  301	 1104	 9167	 8472	
 8701	 8253	  111	 8410	   42	 8266	 8552	  603	
  520	 8686	 9603	   29	 8851	 8358	 1001	  362	
  228	  225	 8506	 8339	  267	 8612	  813	  234	
 9332	 8851	 1665	  801	  509	 8392	 8265	 8368	
 8537	 8686	  679	 8220	   78	  250	  471	   62	
 8784	  792	  465	 8660	 8378	  904	 8215	 8216	
 8413	 8197	 8784	  146	  159	 8793	 1210	  390	
  378	 8447	  414	   27	 1076	   28	10022	 8907	
 8316	  680	   24	 8726	 8514	  374	 9435	 8518	
 8756	  191	  716	  220	   54	 8328	  523	  284	
 9091	 8812	  906	  487	  117	 8443	  827	  283	
 8504	    3	  124	 8583	   16	   32	 9158	 8255	
 8620	 8550	    0	   76	 8880	  452	  444	  431	
 8714	  874	 1315	  317	 8285	  123	  587	 8356	
 8752	 8345	  590	 8367	  725	  494	 9036	 8602	
 8609	 1071	  737	 8324	 1274	 8608	 9155	   27	
  618	  179	 8790	 8826	 8532	 8338	 8935	  260	
 8592	 8969	  332	  235	 9592	 8198	 1966	  322	
 8801	  430	 8640	  155	  129	 8363	  333	  640	
 8907	  466	  746	  461	 8784	  527	  699	   56	
  295	 1568	 9019	 8432	  469	  304	 8193	 8446	
  363	 8496	 8550	 8349	 8518	 8729	 1086	   88	
 8864	  945	  131	  375	 8564	  787	 1248	 8331	
 9413	 8475	 1721	  733	 8806	  351	  888	  173	
 1533	  370	 8363	 8351	 1140	10198	 8982	 8290	
 9025	 8212	 1363	  120	  368	  391	 1017	 8230	
 8389	  278	 8965	 8272	  430	 8650	  381	  362	
 8650	 1047	  521	 8840	 8323	  595	 8707	 8465	
 8874	 8453	  603	 8392	  286	  174	 8666	 8416	
 8508	 9031	  558	  729	  297	 8710	  745	  296	
  210	 9654	  383	  365	 9015	 8223	 1736	   81	
 8622	 8714	  447	  392	 9305	 8625	  978	  211	
 8468	 1076	 8593	 8738	 1220	 8357	 9613	    9	
  594	  129	 8755	 8320	 8989	 9042	   59	  594	
  678	 8771	10192	 8213	 9284	  745	  947	  205	
 8318	 8261	  728	  249	  160	 1004	 8813	 8702	
  779	 8832	10120	 8559	10025	    6	 1492	  313	
    3	 9329	  410	 8615	 9155	  195	  368	   91	
 8806	  869	  467	 8293	  239	  103	 8226	  361	
 9143	  248	 1480	  264	 8572	  620	  413	 8313	
  409	 8272	 8560	 8632	 8306	  106	 8369	 8473	
  451	 8758	 8534	  404	 8236	 8495	  972	 8239	
 1006	 8326	 9965	 8834	 8450	  287	 8464	  117	
 8293	 8986	 8976	  340	 8517	 8331	  129	  209	
 8506	  467	  334	  189	 8304	  793	 8392	   44	
 8685	  611	  596	   98	  659	 1130	 8689	 8666	
 9073	  252	  271	   61	 9026	  853	 1449	  133	
 8226	  378	 9290	 8523	  483	 8356	 8836	  150	
 9065	 8712	 1186	  288	 8980	  341	 2009	  102	
 8443	  535	  526	 8347	  151	 8565	 1080	 8456	
 8640	 9099	  851	 8203	 8694	 9063	  374	  355	
 8339	 9266	  850	 8440	 9059	 8812	 8498	  149	
 1086	   91	 9558	 8417	 8915	 8455	  682	  332	
 8449	 8976	  322	  190	 8804	 1154	  816	 8428	
 8536	 1160	 8967	 8436	  942	 1241	 9729	 8510	
  935	  666	 9293	 8499	  322	 8842	 8893	 8727	
  403	 8424	 8276	  348	 8843	  392	  776	  176	
  941	  234	    2	 8332	 8320	 9385	  243	 8402	
 1014	 8574	 9350	 8447	 9243	 8683	  399	  775	
  759	  152	  135	  279	 8358	 8316	   72	 8322	
 8382	 8513	  200	  114	  181	 8276	  337	  415	
 8788	 8407	 1274	  260	 8542	 8410	  340	   11	
  905	  707	 8588	  160	  313	 8823	 8363	 8410	
 8257	  338	 1063	  221	  381	  128	 8777	 8276	
  369	 8245	  511	  114	 8464	 8648	  200	 8252	
 8753	  842	  377	  131	  992	  282	 9166	 8949	
  521	 8953	 8501	  471	 8773	 8909	  951	  724	
 8631	 8454	  589	  152	 8741	 1554	 8271	 8657	
 8376	 8338	  315	  242	 8944	   93	 1212	 8476	
 8774	 8549	  820	  757	 8768	 8379	 1612	  561	
  597	 8415	 8428	 8594	 8772	   73	 8798	 8342	
 1060	  559	 8813	 8596	  164	 8981	 8437	  315	
  302	 9501	  487	   35	 9060	  141	  993	  466	
 8220	 8266	 8349	 8365	  922	 8919	 9998	 8240	
 9627	 9023	 1802	  578	 8652	  123	 1188	  552	
  907	  376	 9271	 8826	 8839	 8211	  206	  204	
 8563	 9335	  769	  588	 8913	 8525	 1426	  165	
  705	  816	 9373	  284	  850	 8517	 9011	 8452	
 9659	 8237	 1379	   27	  149	 1313	 8209	 8703	
 8623	 1162	  370	 8584	  682	 8449	 8905	 8250	
 8629	  103	  259	  214	 9104	  447	 2233	   99	
 9161	  259	  856	  157	 8773	 8200	 1457	  455	
 1090	 8509	10315	 8220	   93	  519	 8837	 8270	
 9014	 8383	  380	 8435	  725	  677	 9138	   21	
 9075	 9488	  842	  539	 8804	 1209	 8315	 8246	
 8443	  495	  163	 8602	 8337	 9099	  197	   72	
 8824	  200	  129	  396	  308	  321	  448	 8286	
 9076	 1378	  504	  226	 1453	  444	 9206	  169	
 9163	 8584	 1113	 8249	 8522	  942	  120	 8730	
   87	 8706	 9600	  131	 8869	 8633	  284	  244	
  271	 8895	 8502	  585	  220	 9140	 1169	  315	
 9031	 8716	   50	  168	 9018	  945	 1694	  130	
  595	  889	 9491	 9013	  720	  160	 9845	 8607	
 9416	 9625	 1454	  320	 8854	 1097	   14	 8323	
 9045	  195	 1038	 8305	 1133	  318	 8864	 8395	
 8229	 1277	 8310	  381	 1263	  650	 8893	 8525	
  615	 8534	 9614	 8232	 8964	  299	  628	    2	
 8891	 8591	 1067	  494	 8411	 8958	  672	  560	
 8532	 8220	  181	 8327	 8481	 1432	 8777	 8605	
   28	  297	 9275	 8235	 8563	 8566	 1303	  157	
  453	  418	 8892	 8220	 8336	  117	  517	   74	
 9451	  791	 1759	  519	 1347	  379	 8756	 8854	
 8926	  283	  158	 8290	 8564	 8309	 1264	  418	
 8515	   91	 8875	  157	 8707	 8951	  965	  691	
 8280	 8434	 8622	  141	  560	  521	10133	   65	
 8529	  529	 8874	 8579	 8914	 1414	   74	 8338	
 8250	 8505	 8527	  115	 8205	   24	  635	  658	
 8614	  487	 1253	 8304	 1705	  206	10353	 8582	
  205	  498	 8248	  160	  774	 1407	 9363	 8742	
  483	  638	 9917	 8401	   89	 8524	  755	 8307	
 8746	  536	  523	 8303	 1032	  912	10120	 8838	
 8910	   64	 1146	  356	 8445	   55	 1860	 8222	
 8900	 9286	  820	 8435	 9160	  253	  730	  224	
  182	 8782	 9314	  195	 8873	 1433	  775	  170	
  480	 8916	 9154	 8368	 9671	   61	 1185	   70	
 8715	   27	 8580	 8267	 9574	 8760	 1808	  664	
 8528	  993	 8619	 8659	 8462	 8321	  481	  248	
   60	  581	 8684	 8323	 8434	 8718	 8762	  395	
  978	 9227	 9986	  192	 8381	  386	 8411	   81	
  371	  283	  304	   46	  648	 9014	  689	 8473	
 8668	   87	 8807	 8505	 9377	 8474	  999	  293	
 9249	  970	 1679	  358	  557	  498	 8261	   56	
 8882	 8575	  839	  119	  535	  332	   77	  147	
  451	 8632	 9619	  225	 9420	  492	 1745	  351	
 1385	  758	 9395	 8540	  890	 8650	 9523	 8451	
 8737	 8524	 8291	 8222	  155	 8617	  920	  181	
  331	 1622	 9113	 8458	 1032	  382	 8221	 8269	
  303	 8479	 9056	  193	 9281	 9363	  727	  695	
  277	 9244	  982	   65	 8728	  732	  154	 8492	
 8802	 8569	  987	 8281	  125	  151	 8493	  451	
  450	  387	 9748	 8569	  196	  302	 8367	  573	
 8903	 8949	 1205	 8197	 8819	 8789	 1247	  565	
 8715	 8616	  609	  676	 8666	  476	  586	  627	
 9009	 8408	 9031	  255	 8357	 1223	  323	  172	
 1044	 8374	10069	 8869	 8598	   59	 8509	   10	
 9004	 8266	  973	  144	 8476	  773	  701	  297	
  687	 8367	 9865	  185	 9037	 8227	  853	   24	
 1036	 8470	 8825	 8296	  945	 8428	 9570	 8895	
 8836	 8295	 1285	  218	  273	  254	  797	 8249	
 9344	 8258	  784	   89	   77	 8198	  726	  586	
 1074	  229	 8570	   29	 8253	10149	  465	  390	
  196	 8507	   73	  369	 8581	  905	 8781	 8570	
 8230	 8950	 8286	  229	 9345	  338	 2170	 8324	
  501	 1008	 9127	 8542	  680	 8262	 8264	  226	
 8238	 9216	  157	  116	 9247	 9052	  149	  374	
  937	  938	 9953	 8838	  105	   99	 8329	 8684	
 8738	 1328	  275	 8464	  735	  813	 8921	   33	
  122	 1102	 8562	 8410	 1018	  622	 8262	   36	
  345	  515	 9257	 8539	 8751	  878	   71	 8473	
  362	 9294	 8603	  177	 8710	  669	 8778	 8221	
 8529	  449	  400	   71	 8733	  358	 8477	 8342	
 8357	   12	  804	  305	 8525	 8481	  334	 8519	
 8537	  290	 9044	 8345	 8300	 1033	 8555	  164	
 8461	 8770	  183	  648	 8276	 8682	  205	  357	
 8223	 8709	  666	 8252	    8	  370	  565	  196	
 8260	 1125	  122	  234	  275	  244	  955	  134	
 8845	 8623	 2181	  576	  739	   52	 8733	 8356	
 8249	 8683	  705	  609	  293	 8898	  288	  307	
 1308	 8426	 8458	 8599	  535	 9557	 8860	  228	
 8351	 8561	 9343	   13	 8749	 8474	 8200	  399	
 8356	  426	 1122	 8646	   34	 8624	 8554	 8597	
  919	 8507	10003	  101	  224	 8278	 8975	  108	
  803	  276	 9646	 8646	   33	 8294	 9323	  402	
 8501	  243	 8588	 8531	  714	  295	 9630	 8438	
 8369	 8514	 1022	  386	  266	  299	 8764	  181	
  980	   26	 8985	 8427	  410	 8798	 8876	 8504	
 1283	 8341	10011	 8630	 9151	 8226	  364	  340	
 8520	 1062	   30	 8591	  858	 9172	 8440	  343	
  311	 1233	 9617	 8312	  448	  262	 8467	 8603	
 8633	 8334	 8454	   36	 8205	 1474	 8410	 8534	
 9020	  725	  462	   13	 8838	 1231	  498	 8285	
  688	 8559	 8236	 8216	  394	 8496	 9274	 8674	
  247	 8335	 8300	  609	  841	  793	 9009	 8865	
   80	   73	 1049	   79	    4	  324	  663	 8990	
 8811	  741	   72	 8344	   48	  694	 8612	 8304	
  478	 8478	 8583	  199	 9286	 9025	 1623	  621	
 8432	  622	 9135	 8607	  489	 8765	 8903	  384	
  287	  364	  396	  282	 8696	 8380	 1589	 8281	
 1034	  597	 9391	 8667	  776	 8349	 9484	 8586	
 8546	  222	 8523	 8290	 8388	   37	 8280	 8193	
 8530	  296	  491	  155	  882	  292	 9577	 8301	
 9155	  509	 1093	  251	  995	  770	 9176	 8597	
 9538	   60	  957	  212	 9039	  103	 1525	  394	
 9303	  351	 1032	 8220	  131	 1104	 8942	 8719	
 8547	 8725	 1190	  490	 8949	 8677	 1047	  483	
 9305	 9130	 1207	  408	 8365	 1381	 8876	 8306	
 9516	 9452	 1452	  719	 8346	  740	  143	 8312	
 8398	  404	 8524	 8420	 8657	 8530	  859	   70	
 8331	  424	 8511	 8329	  330	 1041	 8437	 8300	
 8616	  170	  285	  353	  107	   63	  668	  454	
 8223	  568	  494	   15	 1295	 8287	10016	 8447	
  359	 8512	 8614	 8685	 8266	 9069	  744	  273	
  614	 8578	 9823	 8195	   64	 8376	  217	  437	
 8779	  220	  876	  443	   34	  194	  967	 8216	
 8834	  306	 1182	  294	 8307	 8253	 1020	   84	
 1079	 8272	   76	 8357	  223	    7	 9160	 8661	
  595	 8523	 9002	 8569	 8442	 8674	 8715	  396	
 8372	 8250	   10	 8322	 8983	 8740	 1598	  464	
 8432	  323	 8377	  365	 9243	  923	 1767	 8347	
  433	 8430	 8516	 8471	  283	 8388	 9960	  110	
 9716	  921	 1716	  131	 8285	  892	  816	 8565	
  854	  147	  607	 8498	  261	 8992	 8816	 8429	
 8658	 1104	  250	  131	  733	  221	 9235	 8503	
 8223	 8664	 8696	    4	 8276	 8693	 8537	  716	
 1065	 8491	 9123	   45	 8889	  560	 8262	   39	
  662	 8933	 9201	  278	 8835	 8374	 1234	 8217	
 9339	  494	  265	 8226	  682	  909	 8913	 8220	
  959	 1248	 9389	 8560	  551	 8851	 8886	 8384	
 1030	 9413	 9256	 8419	 8433	 8734	 8516	  261	
 8321	 1347	  446	   92	  947	   72	   92	 8217	
 8643	 8367	  318	 8271	 8515	 9139	  348	  282	
  394	  399	 8402	 8472	 1078	 8303	 8890	 8820	
  141	  714	  306	 8292	 8557	 8244	 1555	    3	
  550	 8917	  531	 8356	 8661	  841	 8761	 8836	
   60	  120	 8740	  165	  507	 8576	 9587	 8566	
  658	  371	 8376	  237	  244	  344	 8485	 8686	
 8517	   27	 8711	  148	 8595	  486	  852	   67	
 1148	  545	 9986	 8398	 8586	 9403	  802	  344	
 9284	  116	 1113	  666	 8196	  480	  463	 8448	
  567	 9111	 8963	 8320	 9058	 8249	  369	  201	
 8726	   75	 8488	 8720	 8811	 8318	  319	  721	
  141	  639	 8612	 8458	  974	    1	 8646	 8523	
 9141	 1024	  840	  486	  894	  436	 8342	 8522	
 8337	  599	 9361	 8384	  495	  984	 8976	   29	
   12	  302	 8525	 8888	 8681	  129	 8598	 8484	
  664	 8935	 9182	 8287	  297	 8224	  240	  283	
 9228	 8941	 1060	  401	 8572	  782	    2	   47	
  328	 1100	 9641	 8854	 8223	  673	 8879	 8467	
 8488	  202	 1450	  239	  483	 8321	  938	 8362	
 9381	 8215	 8299	  569	 8476	  758	 1045	  233	
   70	 9268	  405	  427	 8911	  720	  943	 8677	
   15	 8457	 1158	   63	  739	  591	 9499	 8865	
  353	 8434	   19	 8262	 8786	  523	 8236	   48	
  722	   73	 9006	 8938	 1098	 8592	 9637	 8341	
 8385	 1553	  198	   40	  926	 8639	 8321	 8270	
 8762	 8335	  331	 8771	 8681	  667	 8543	   49	
 1032	  474	 8820	 8787	 8404	 9034	  295	 8443	
 1154	 8932	10135	 8195	 9007	 8968	 1133	  190	
  294	 8466	10076	 8635	 8700	  159	 8646	  391	
  242	  690	 9555	 8618	   81	 8925	   20	  820	
 9865	 8981	 2109	  651	 8841	 8370	 1763	  382	
 9334	  805	  818	 8485	  371	 1328	 9255	 8476	
 8739	  649	 1145	 8858	  238	  472	 9141	 8605	
  321	 8856	 8624	 8209	 9259	  361	  546	  215	
 8634	 8905	  892	  620	  300	 8458	  410	 8221	
  765	 8858	 8852	 8257	 8877	 9406	 1227	   95	
  749	 8390	  206	 8476	  532	 9364	 9041	 8317	
 9338	 9011	 2210	  651	 8457	 8578	  879	  140	
 9230	  950	 1464	  408	 1327	 8204	 8957	   46	
  351	 9413	 8812	  937	 8426	 8230	 1110	 8293	
 9136	  634	  850	 8395	 8293	 1130	 8527	 8450	
 9195	 8383	 1228	  884	 8372	  281	  445	 8383	
 9073	  270	 1568	  271	 8525	  471	  457	 8550	
 8641	 1292	 8834	 8294	  129	  205	 8200	 8289	
 8921	 8962	 1388	  601	  278	  266	  285	 8516	
 9187	  195	 1420	 8479	  631	  789	 9506	 8720	
  704	  631	 8464	 8295	  296	 9232	   90	  244	
  613	 9356	 8668	  353	 8463	 9110	  129	  425	
 8370	  616	  581	   57	 8198	 8396	 9235	 8302	
 8714	  284	  968	  354	  625	 8255	 9229	  218	
   21	 9290	 8565	  128	 9397	 8456	   15	  572	
   45	 1394	 8970	 8459	  592	 8434	 9075	 8549	
 9236	  101	 2204	  395	  793	 8293	 8687	    6	
 8557	  572	  144	 8200	 8991	  292	 2232	  177	
  975	 8527	 8889	 8551	 8498	 8895	 8262	 8655	
    1	 8463	 9256	 8338	 9256	  291	  751	   63	
 8223	 1580	 9137	 8411	  586	 8468	 8973	 8457	
  441	  380	 8931	 8602	 9194	 8948	 2038	  665	
   92	 9025	  114	 8297	 8480	 8787	 9087	  208	
  204	  230	  718	    1	 1605	 9612	10481	   44	
   19	  174	  626	 8197	 8333	 8853	 8837	 8281	
 8345	  478	 1483	  567	 1142	 8537	 8267	 8524	
  746	  441	 8926	 8433	  234	 8486	 9586	 8650	
 8424	 9083	  586	 8388	 9266	 8825	  281	    6	
  423	   40	10139	 8376	 8303	 8369	   75	    3	
 8195	  900	  156	  207	 8731	  747	 1355	 8759	
 8408	 8542	 8288	  208	  242	 9122	  893	  349	
   40	 8753	  281	  525	 8512	 8567	  684	  374	
  742	 8383	  290	    5	 8442	  823	 8799	 8665	
  944	  542	10171	 8280	  187	 9536	  404	  515	
    7	  139	 8517	 8460	 9080	  465	 1136	   69	
  891	  659	 8986	 8832	 8472	 8540	 8320	 8741	
  551	  209	 8915	  178	   63	 8489	 8556	  203	
  774	 8408	 8856	  363	  472	   28	 9011	 8586	
 8591	 8778	  975	  374	 8203	 8280	   17	  420	
   51	  511	  609	 8262	  617	 9860	 8575	  167	
  833	 8836	  542	 8509	 8256	 8969	 8545	   98	
 8569	 8430	 1110	  135	  110	  287	  670	 8490	
 8919	   75	 2020	  560	 8389	    8	  749	  180	
 8296	 1035	  728	 8648	  621	 9719	   39	 8198	
   37	  396	 8607	 8318	 8258	 8791	 8420	  404	
 1288	  237	 8981	 8257	  920	 9043	 9026	 8193	
  137	 1509	 9259	 8296	  975	  238	 8545	 8461	
  287	 9319	   11	  516	 8722	  909	  199	 8279	
 8629	 8667	 8574	  156	 8535	  857	 8616	 8282	
 1040	 1082	 9038	 9139	 8272	 8531	 8281	 8436	
 8759	 8392	  549	  177	 9204	  457	 1819	  214	
 9604	 1216	  845	 8332	 8630	  962	  557	 8396	
 8614	  155	 8510	  523	  449	 8224	  429	  504	
 8778	 9029	  280	  836	 8866	  489	  913	    1	
 1228	   17	 9433	 8532	 8873	 8912	  469	  703	
